0.5
0.1
0.6
0.8
1
1
1
1
1
1
1
1
0.3
0.5
0.4
0.1
0.56
0.98
1
1
1
0.4
1
1
0.3
0.5
0.4
0.1
0.8
1
1
1
1
0.5
0.7
0.2
0.3
0.4
1
1
1
1
1
1
1
1
1
0.3
0.7
0.9
1
0.5
0.4
1
0.5
0.7
0.78
0.568
1
1
1
0.56
0.78
0.41
0.1
0
0.14
0.58
0.5
1
1
1
1
1
1
0.5
0.9
0.9
0.6
0.4
0.3
0.5
0.7
1
0.6
0.45
1
0.5
0.9
0.56
0.55
0.12
0.135
0
0
0
1
1
1
0.1
0.56
0.56
0.8
0.9
0.7
0.6
0.2
0.5
0.89
0.45
0.65
0.78
1
1
1
1
1
1
1
1
1
1
1
1
1
1
1
1
1
1
1
1
1
1
1
1
1
1
1
1
1
1
1
1
1
1
1
1
1
1
1
1
1
1
1
1
1
1
1
1
1
1
1
1
1
1
1
1
1
1
1
1
1
1
1
1
1
1
1
1
1
1
1
1
1
1
1
1
1
1
1
1
1
1
1
1
1
1
1
1
1
1
1
1
1
1
1
1
1
1
1
1
1
1
1
1
1
1
1
1
1
1
1
1
1
1
1
1
1
1
1
1
1
1
1
1
1
1
1
1
1
1
1
1
1
1
1
1
1
1
1
1
1
1
1
1
1
1
1
1
1
1
1
1
1
1
1
1
1
1
1
1
1
1
1
1
1
1
1
1
1
1
1
1
1
1
1
1
1
1
1
1
1
1
1
1
1
1
1
1
1
1
1
1
1
1
1
1
1
1
1
1
1
1
1
1
1
1
1
1
1
1
1
1
1
1
1
1
1
1
1
1
1
1
1
1
1
1
1
1
1
1
1
1
1
1
1
1
1
1
1
1
1
1
1
1
1
1
1
1
1
1
