0.538
0.666
0.712
0.069
0.414
0.484
0.052
0.753
0.687
0.647
0.284
0.106
0.301
0.411
0.801
0.947
0.469
0.103
0.4
0.463
0.362
0.283
0.461
0.737
0.601
0.029
0.417
0.434
0.619
0.705
0.111
0.912
0.878
0.67
0.88
0.68
0.476
0.783
0.975
0.191
0.637
0.656
0.896
0.12
0.019
0.495
0.822
0.598
0.443
0.274
0.845
0.188
0.783
0.392
0.386
0.476
0.026
0.581
0.658
0.481
0.487
0.246
0.592
0.64
0.946
0.866
0.3
0.357
0.93
0.761
0.108
0.346
0.199
0.977
0.732
0.004
0.434
0.812
0.026
0.058
0.833
0.427
0.155
0.28
0.463
0.673
0.661
0.544
0.941
0.238
0.803
0.089
0.815
0.447
0.74
0.934
0.793
0.762
0.321
0.185
